path,name
1330,h001079_3
1367,h001079_3
1329,h001079_3
1367,h001079_3
1330,h001079_3
1287,h001079_3
1286,h001079_3
1243,h001079_3
