path,name
877,h002865_1
930,h002865_1
931,h002865_1
980,h002865_1
981,h002865_1
1027,h002865_1
982,h002865_1
983,h002865_1
