path,name
1367,h004223_1
1330,h004223_1
1288,h004223_1
1332,h004223_1
1288,h004223_1
1287,h004223_1
1243,h004223_1
1242,h004223_1
