path,name
1138,h003496_1
1137,h003496_1
1136,h003496_1
1083,h003496_1
1135,h003496_1
1082,h003496_1
1081,h003496_1
1080,h003496_1
