path,name
1138,h005917_4
1085,h005917_4
1139,h005917_4
1087,h005917_4
1141,h005917_4
1089,h005917_4
1142,h005917_4
1090,h005917_4
