path,name
1399,e002682_1
1365,e002682_1
1398,e002682_1
1397,e002682_1
1396,e002682_1
1395,e002682_1
1361,e002682_1
1394,e002682_1
