path,name
795,e004429_1
796,e004429_1
838,e004429_1
839,e004429_1
886,e004429_1
940,e004429_1
941,e004429_1
990,e004429_1
