path,name
1114,e013041_1
1113,e013041_1
1112,e013041_1
1111,e013041_1
1162,e013041_1
1161,e013041_1
1160,e013041_1
1207,e013041_1
