path,name
1239,f003425_2
1240,f003425_2
1241,f003425_2
1242,f003425_2
1285,f003425_2
1243,f003425_2
1285,f003425_2
1243,f003425_2
