path,name
83,h001318_1
43,h001318_1
42,h001318_1
19,h001318_1
10,h001318_1
17,h001318_1
9,h001318_1
10,h001318_1
