path,name
1281,h001371_2
1327,h001371_2
1281,h001371_2
1234,h001371_2
1233,h001371_2
1182,h001371_2
1183,h001371_2
1130,h001371_2
