path,name
795,h001250_1
796,h001250_1
838,h001250_1
839,h001250_1
886,h001250_1
940,h001250_1
941,h001250_1
990,h001250_1
