path,name
1196,h000592_1
1242,h000592_1
1195,h000592_1
1145,h000592_1
1144,h000592_1
1092,h000592_1
1038,h000592_1
1037,h000592_1
990,h000592_1
941,h000592_1
940,h000592_1
886,h000592_1
