path,name
1113,h004515_1
1114,h004515_1
1115,h004515_1
1057,h004515_1
1058,h004515_1
1007,h004515_1
1008,h004515_1
956,h004515_1
908,h004515_1
957,h004515_1
958,h004515_1
1009,h004515_1
