path,name
1281,h000601_3
1327,h000601_3
1281,h000601_3
1234,h000601_3
1233,h000601_3
1182,h000601_3
1183,h000601_3
1130,h000601_3
1131,h000601_3
1132,h000601_3
1131,h000601_3
1130,h000601_3
1183,h000601_3
1182,h000601_3
1233,h000601_3
1234,h000601_3
