path,name
147,h001850_1
148,h001850_1
102,h001850_1
103,h001850_1
61,h001850_1
104,h001850_1
63,h001850_1
106,h001850_1
65,h001850_1
34,h001850_1
66,h001850_1
108,h001850_1
67,h001850_1
109,h001850_1
110,h001850_1
111,h001850_1
