path,name
1290,h001690_1
1333,h001690_1
1334,h001690_1
1292,h001690_1
1293,h001690_1
1251,h001690_1
1252,h001690_1
1205,h001690_1
1206,h001690_1
1159,h001690_1
1207,h001690_1
1160,h001690_1
1161,h001690_1
1162,h001690_1
1111,h001690_1
1112,h001690_1
