path,name
278,h003331_1
279,h003331_1
232,h003331_1
281,h003331_1
233,h003331_1
234,h003331_1
235,h003331_1
187,h003331_1
188,h003331_1
141,h003331_1
142,h003331_1
97,h003331_1
55,h003331_1
97,h003331_1
55,h003331_1
56,h003331_1
