path,name
1294,h001316_1
1338,h001316_1
1339,h001316_1
1372,h001316_1
1373,h001316_1
1372,h001316_1
1339,h001316_1
1296,h001316_1
1295,h001316_1
1296,h001316_1
1339,h001316_1
1338,h001316_1
