path,name
113,h001120_1
112,h001120_1
111,h001120_1
69,h001120_1
111,h001120_1
157,h001120_1
158,h001120_1
159,h001120_1
113,h001120_1
160,h001120_1
113,h001120_1
160,h001120_1
