path,name
951,e004429_1
1005,e004429_1
1056,e004429_1
1112,e004429_1
1111,e004429_1
1162,e004429_1
1161,e004429_1
1160,e004429_1
1207,e004429_1
1159,e004429_1
1206,e004429_1
1157,e004429_1
