path,name
250,e004429_1
251,e004429_1
208,e004429_1
207,e004429_1
165,e004429_1
164,e004429_1
116,e004429_1
75,e004429_1
117,e004429_1
116,e004429_1
75,e004429_1
74,e004429_1
