path,name
1331,h001850_1
1330,h001850_1
1367,h001850_1
1329,h001850_1
1367,h001850_1
1330,h001850_1
1287,h001850_1
1245,h001850_1
1289,h001850_1
1247,h001850_1
1291,h001850_1
1334,h001850_1
