path,name
1063,h006493_1
1120,h006493_1
1064,h006493_1
1065,h006493_1
1013,h006493_1
1014,h006493_1
1015,h006493_1
1016,h006493_1
1017,h006493_1
1018,h006493_1
971,h006493_1
1020,h006493_1
973,h006493_1
1021,h006493_1
1022,h006493_1
1075,h006493_1
